# Association scheme with small number of vertices
# Order 32, Position 18142
[ [ 0, 1, 2, 3, 4, 5, 6, 7, 8, 9, 10, 11, 12, 13, 14, 15, 16, 16, 17, 17, 18, 
      18, 19, 19, 20, 20, 21, 21, 22, 22, 23, 23 ], 
  [ 1, 0, 3, 2, 5, 4, 7, 6, 10, 11, 8, 9, 14, 15, 12, 13, 16, 16, 17, 17, 18, 
      18, 19, 19, 20, 20, 21, 21, 22, 22, 23, 23 ], 
  [ 2, 3, 0, 1, 6, 7, 4, 5, 12, 15, 14, 13, 8, 11, 10, 9, 17, 17, 16, 16, 19, 
      19, 18, 18, 22, 22, 23, 23, 20, 20, 21, 21 ], 
  [ 3, 2, 1, 0, 7, 6, 5, 4, 14, 13, 12, 15, 10, 9, 8, 11, 17, 17, 16, 16, 19, 
      19, 18, 18, 22, 22, 23, 23, 20, 20, 21, 21 ], 
  [ 5, 4, 7, 6, 0, 1, 2, 3, 9, 10, 11, 8, 15, 12, 13, 14, 18, 18, 19, 19, 16, 
      16, 17, 17, 23, 23, 22, 22, 21, 21, 20, 20 ], 
  [ 4, 5, 6, 7, 1, 0, 3, 2, 11, 8, 9, 10, 13, 14, 15, 12, 18, 18, 19, 19, 16, 
      16, 17, 17, 23, 23, 22, 22, 21, 21, 20, 20 ], 
  [ 7, 6, 5, 4, 2, 3, 0, 1, 15, 14, 13, 12, 9, 8, 11, 10, 19, 19, 18, 18, 17, 
      17, 16, 16, 21, 21, 20, 20, 23, 23, 22, 22 ], 
  [ 6, 7, 4, 5, 3, 2, 1, 0, 13, 12, 15, 14, 11, 10, 9, 8, 19, 19, 18, 18, 17, 
      17, 16, 16, 21, 21, 20, 20, 23, 23, 22, 22 ], 
  [ 9, 11, 13, 15, 8, 10, 14, 12, 0, 5, 1, 4, 3, 7, 2, 6, 20, 20, 22, 22, 23, 
      23, 21, 21, 18, 18, 17, 17, 19, 19, 16, 16 ], 
  [ 8, 10, 14, 12, 11, 9, 15, 13, 4, 0, 5, 1, 7, 2, 6, 3, 23, 23, 21, 21, 20, 
      20, 22, 22, 16, 16, 19, 19, 17, 17, 18, 18 ], 
  [ 11, 9, 15, 13, 10, 8, 12, 14, 1, 4, 0, 5, 2, 6, 3, 7, 20, 20, 22, 22, 23, 
      23, 21, 21, 18, 18, 17, 17, 19, 19, 16, 16 ], 
  [ 10, 8, 12, 14, 9, 11, 13, 15, 5, 1, 4, 0, 6, 3, 7, 2, 23, 23, 21, 21, 20, 
      20, 22, 22, 16, 16, 19, 19, 17, 17, 18, 18 ], 
  [ 13, 15, 9, 11, 14, 12, 8, 10, 3, 6, 2, 7, 0, 4, 1, 5, 22, 22, 20, 20, 21, 
      21, 23, 23, 19, 19, 16, 16, 18, 18, 17, 17 ], 
  [ 12, 14, 10, 8, 13, 15, 9, 11, 6, 2, 7, 3, 5, 0, 4, 1, 21, 21, 23, 23, 22, 
      22, 20, 20, 17, 17, 18, 18, 16, 16, 19, 19 ], 
  [ 15, 13, 11, 9, 12, 14, 10, 8, 2, 7, 3, 6, 1, 5, 0, 4, 22, 22, 20, 20, 21, 
      21, 23, 23, 19, 19, 16, 16, 18, 18, 17, 17 ], 
  [ 14, 12, 8, 10, 15, 13, 11, 9, 7, 3, 6, 2, 4, 1, 5, 0, 21, 21, 23, 23, 22, 
      22, 20, 20, 17, 17, 18, 18, 16, 16, 19, 19 ], 
  [ 17, 17, 16, 16, 19, 19, 18, 18, 21, 22, 21, 22, 23, 20, 23, 20, 0, 1, 2, 
      3, 4, 5, 6, 7, 9, 11, 12, 14, 13, 15, 8, 10 ], 
  [ 17, 17, 16, 16, 19, 19, 18, 18, 21, 22, 21, 22, 23, 20, 23, 20, 1, 0, 3, 
      2, 5, 4, 7, 6, 11, 9, 14, 12, 15, 13, 10, 8 ], 
  [ 16, 16, 17, 17, 18, 18, 19, 19, 23, 20, 23, 20, 21, 22, 21, 22, 2, 3, 0, 
      1, 6, 7, 4, 5, 15, 13, 8, 10, 11, 9, 12, 14 ], 
  [ 16, 16, 17, 17, 18, 18, 19, 19, 23, 20, 23, 20, 21, 22, 21, 22, 3, 2, 1, 
      0, 7, 6, 5, 4, 13, 15, 10, 8, 9, 11, 14, 12 ], 
  [ 19, 19, 18, 18, 17, 17, 16, 16, 22, 21, 22, 21, 20, 23, 20, 23, 5, 4, 7, 
      6, 0, 1, 2, 3, 10, 8, 15, 13, 12, 14, 9, 11 ], 
  [ 19, 19, 18, 18, 17, 17, 16, 16, 22, 21, 22, 21, 20, 23, 20, 23, 4, 5, 6, 
      7, 1, 0, 3, 2, 8, 10, 13, 15, 14, 12, 11, 9 ], 
  [ 18, 18, 19, 19, 16, 16, 17, 17, 20, 23, 20, 23, 22, 21, 22, 21, 7, 6, 5, 
      4, 2, 3, 0, 1, 14, 12, 9, 11, 8, 10, 15, 13 ], 
  [ 18, 18, 19, 19, 16, 16, 17, 17, 20, 23, 20, 23, 22, 21, 22, 21, 6, 7, 4, 
      5, 3, 2, 1, 0, 12, 14, 11, 9, 10, 8, 13, 15 ], 
  [ 21, 21, 23, 23, 22, 22, 20, 20, 19, 17, 19, 17, 18, 16, 18, 16, 8, 10, 
      14, 12, 11, 9, 15, 13, 0, 1, 7, 6, 2, 3, 4, 5 ], 
  [ 21, 21, 23, 23, 22, 22, 20, 20, 19, 17, 19, 17, 18, 16, 18, 16, 10, 8, 
      12, 14, 9, 11, 13, 15, 1, 0, 6, 7, 3, 2, 5, 4 ], 
  [ 20, 20, 22, 22, 23, 23, 21, 21, 16, 18, 16, 18, 17, 19, 17, 19, 13, 15, 
      9, 11, 14, 12, 8, 10, 6, 7, 0, 1, 4, 5, 3, 2 ], 
  [ 20, 20, 22, 22, 23, 23, 21, 21, 16, 18, 16, 18, 17, 19, 17, 19, 15, 13, 
      11, 9, 12, 14, 10, 8, 7, 6, 1, 0, 5, 4, 2, 3 ], 
  [ 23, 23, 21, 21, 20, 20, 22, 22, 18, 16, 18, 16, 19, 17, 19, 17, 12, 14, 
      10, 8, 13, 15, 9, 11, 2, 3, 5, 4, 0, 1, 6, 7 ], 
  [ 23, 23, 21, 21, 20, 20, 22, 22, 18, 16, 18, 16, 19, 17, 19, 17, 14, 12, 
      8, 10, 15, 13, 11, 9, 3, 2, 4, 5, 1, 0, 7, 6 ], 
  [ 22, 22, 20, 20, 21, 21, 23, 23, 17, 19, 17, 19, 16, 18, 16, 18, 9, 11, 
      13, 15, 8, 10, 14, 12, 5, 4, 3, 2, 7, 6, 0, 1 ], 
  [ 22, 22, 20, 20, 21, 21, 23, 23, 17, 19, 17, 19, 16, 18, 16, 18, 11, 9, 
      15, 13, 10, 8, 12, 14, 4, 5, 2, 3, 6, 7, 1, 0 ] ]